LABIRINTO 10 10
1 1 1 1 1 1 1 1 1 1 
1 1 1 1 1 1 1 1 1 1 
1 1 1 1 1 1 1 1 1 1 
1 1 1 1 1 1 1 1 1 1 
1 1 1 1 1 1 1 1 1 1 
1 1 1 1 1 1 1 1 1 1 
1 1 1 1 1 1 1 1 1 1 
1 1 1 1 1 1 1 1 1 1 
1 1 1 1 1 1 1 1 1 1 
1 1 1 1 1 1 1 1 1 1
QUESTÃO 01
Origem: 0 0
Destino: 9 9
Comprimento: 12.73
Profundidade: 9
Nós Aberto: 34
Nós Fechado: 10

LABIRINTO 10 10
1 1 0 1 1 1 1 1 1 1 
1 1 0 1 1 1 1 1 1 1 
0 0 1 1 1 1 1 1 1 1 
1 1 1 1 1 1 1 1 1 1 
1 1 1 1 1 1 1 1 1 1 
1 1 1 1 1 1 1 1 1 1 
1 1 1 1 1 1 1 1 1 1 
1 1 1 1 1 1 1 1 1 1 
1 1 1 1 1 1 1 1 1 1 
1 1 1 1 1 1 1 1 1 1
QUESTÃO 02
Origem: 0 0
Destino: 9 9
Comprimento: -1
Profundidade: -1
Nós Aberto: 0
Nós Fechado: 4

LABIRINTO 10 10
1 1 1 1 1 1 1 1 1 1 
1 1 1 1 1 1 1 1 1 1 
1 1 1 1 1 1 1 1 1 1 
1 1 1 1 1 1 1 1 1 1 
1 1 1 1 1 1 1 1 1 1 
1 1 1 1 1 1 1 1 1 1 
1 1 1 1 1 1 1 1 1 1 
1 1 1 1 1 1 1 1 0 0 
1 1 1 1 1 1 1 0 1 1 
1 1 1 1 1 1 1 0 1 1
QUESTÃO 03
Origem: 0 0
Destino: 9 9
Comprimento: -1
Profundidade: -1
Nós Aberto: 0
Nós Fechado: 92

LABIRINTO 10 25
1 1 1 1 0 1 1 1 1 1 1 1 1 1 1 1 1 1 1 1 1 1 1 1 1
1 1 1 1 0 1 1 1 1 1 1 1 1 1 1 1 1 1 1 1 1 1 1 1 1
1 1 1 1 0 1 1 1 1 1 1 1 0 0 0 0 0 0 0 0 1 1 1 1 1
1 1 1 1 0 1 1 1 1 1 1 1 0 0 0 0 0 0 0 0 1 1 1 1 1
1 1 1 1 0 1 1 1 0 1 1 1 1 1 1 1 1 1 0 0 1 1 1 1 1
1 1 1 1 0 1 1 1 0 1 1 1 1 1 1 1 1 1 0 0 1 1 1 1 1
1 1 1 1 1 1 1 1 0 1 1 1 0 0 0 0 0 0 0 0 1 1 1 1 1
1 1 1 1 1 1 1 1 0 1 1 1 0 0 0 0 0 0 0 0 1 1 1 1 1
1 1 1 1 1 1 1 1 0 1 1 1 1 1 1 1 1 1 1 1 1 1 1 1 1
1 1 1 1 1 1 1 1 0 1 1 1 1 1 1 1 1 1 1 1 1 1 1 1 1
QUESTÃO 04
Origem: 0 0
Destino: 9 9
Comprimento: 21.07
Profundidade: 19
Nós Aberto: 13
Nós Fechado: 73

LABIRINTO 20 50
1 1 1 1 0 1 1 1 1 1 1 1 1 1 1 1 1 1 1 1 1 1 1 1 1 1 1 1 1 0 1 1 1 1 1 1 1 1 1 1 1 1 1 1 1 1 1 1 1 1
1 1 1 1 0 1 1 1 1 1 1 1 0 1 1 0 0 0 0 0 1 1 1 1 1 1 1 1 1 0 1 1 1 1 1 1 1 0 1 1 1 1 1 1 0 1 1 1 1 1
1 1 1 1 0 1 1 1 0 1 1 1 0 1 1 1 1 1 1 0 1 1 1 1 1 1 1 1 1 0 1 1 1 0 1 1 1 0 1 1 1 1 1 1 0 1 1 1 1 1
1 1 1 1 1 1 1 1 0 1 1 1 0 1 1 1 1 1 1 0 1 1 1 1 1 1 1 1 1 1 1 1 1 0 1 1 1 0 1 1 0 0 0 0 0 1 1 1 1 1
1 1 1 1 1 1 1 1 0 1 1 1 1 1 1 1 1 1 1 1 1 1 1 1 1 1 1 1 1 1 1 1 1 0 1 1 1 1 1 1 1 1 1 1 1 1 1 1 1 1
1 1 1 1 0 1 1 1 1 1 1 1 1 1 1 1 1 1 1 1 1 1 1 1 1 1 1 1 1 0 1 1 1 1 1 1 1 1 1 1 1 1 1 1 1 1 1 1 1 1
1 1 1 1 0 1 1 1 1 1 1 1 0 1 1 0 0 0 0 0 1 1 1 1 1 1 1 1 1 0 1 1 1 1 1 1 1 0 1 1 1 1 1 1 0 1 1 1 1 1
1 1 1 1 0 1 1 1 0 1 1 1 0 1 1 1 1 1 1 0 1 1 1 1 1 1 1 1 1 0 1 1 1 0 1 1 1 0 1 1 1 1 1 1 0 1 1 1 1 1
1 1 1 1 1 1 1 1 0 1 1 1 0 1 1 1 1 1 1 0 1 1 1 1 1 1 1 1 1 1 1 1 1 0 1 1 1 0 1 1 0 0 0 0 0 1 1 1 1 1
1 1 1 1 1 1 1 1 0 1 1 1 1 1 1 1 1 1 1 1 1 1 1 1 1 1 1 1 1 1 1 1 1 0 1 1 1 1 1 1 1 1 1 1 1 1 1 1 1 1
1 1 1 1 0 1 1 1 1 1 1 1 1 1 1 1 1 1 1 1 1 1 1 1 1 1 1 1 1 0 1 1 1 1 1 1 1 1 1 1 1 1 1 1 1 1 1 1 1 1
1 1 1 1 0 1 1 1 1 1 1 1 0 1 1 0 0 0 0 0 1 1 1 1 1 1 1 1 1 0 1 1 1 1 1 1 1 0 1 1 1 1 1 1 0 1 1 1 1 1
1 1 1 1 0 1 1 1 0 1 1 1 0 1 1 1 1 1 1 0 1 1 1 1 1 1 1 1 1 0 1 1 1 0 1 1 1 0 1 1 1 1 1 1 0 1 1 1 1 1
1 1 1 1 1 1 1 1 0 1 1 1 0 1 1 1 1 1 1 0 1 1 1 1 1 1 1 1 1 1 1 1 1 0 1 1 1 0 1 1 0 0 0 0 0 1 1 1 1 1
1 1 1 1 1 1 1 1 0 1 1 1 1 1 1 1 1 1 1 1 1 1 1 1 1 1 1 1 1 1 1 1 1 0 1 1 1 1 1 1 1 1 1 1 1 1 1 1 1 1
1 1 1 1 0 1 1 1 1 1 1 1 1 1 1 1 1 1 1 1 1 1 1 1 1 1 1 1 1 0 1 1 1 1 1 1 1 1 1 1 1 1 1 1 1 1 1 1 1 1
1 1 1 1 0 1 1 1 1 1 1 1 0 1 1 0 0 0 0 0 1 1 1 1 1 1 1 1 1 0 1 1 1 1 1 1 1 0 1 1 1 1 1 1 0 1 1 1 1 1
1 1 1 1 0 1 1 1 0 1 1 1 0 1 1 1 1 1 1 0 1 1 1 1 1 1 1 1 1 0 1 1 1 0 1 1 1 0 1 1 1 1 1 1 0 1 1 1 1 1
1 1 1 1 1 1 1 1 0 1 1 1 0 1 1 1 1 1 1 0 1 1 1 1 1 1 1 1 1 1 1 1 1 0 1 1 1 0 1 1 0 0 0 0 0 1 1 1 1 1
1 1 1 1 1 1 1 1 0 1 1 1 1 1 1 1 1 1 1 1 1 1 1 1 1 1 1 1 1 1 1 1 1 0 1 1 1 1 1 1 1 1 1 1 1 1 1 1 1 1
QUESTÃO 05
Origem: 0 0
Destino: 19 49
Comprimento: 56.87
Profundidade: 49
Nós Aberto: 129
Nós Fechado: 147

LABIRINTO 10 25
0 1 0 1 0 1 1 0 1 1 0 0 0 1 1 0 1 1 1 1 1 1 1 1 1 
0 0 0 1 1 1 0 0 0 1 0 1 0 0 1 1 0 1 0 1 1 1 1 0 1 
1 0 1 1 0 1 1 1 0 0 1 0 0 0 1 0 1 1 1 1 1 1 1 0 0 
1 1 0 0 1 0 1 1 1 1 0 0 0 0 1 0 0 1 1 0 1 0 0 1 0 
1 0 0 0 1 1 1 1 1 1 1 0 1 0 1 1 1 1 0 1 1 1 1 1 0 
1 1 1 1 1 0 1 1 1 1 0 1 0 1 1 0 1 1 0 1 0 1 1 1 0 
1 1 1 1 1 1 1 1 1 1 1 0 1 1 1 1 0 0 0 0 0 1 1 0 1 
0 1 0 0 1 1 0 0 1 1 1 1 1 1 0 0 1 0 0 0 1 1 1 1 1 
0 1 0 1 0 1 0 1 1 1 1 1 0 1 1 1 0 1 1 1 1 1 1 1 0 
0 0 0 1 1 0 0 1 0 0 1 0 0 1 0 1 0 0 1 0 0 0 1 0 0 
QUESTÃO 06
Origem: 2 0
Destino: 0 24
Comprimento: 31.90
Profundidade: 29
Nós Aberto: 15
Nós Fechado: 74

LABIRINTO 10 25
0 1 0 1 0 1 1 0 1 1 0 0 0 1 1 0 1 1 1 1 1 1 1 1 1 
0 0 0 1 1 1 0 0 0 1 0 1 0 0 1 1 0 1 0 1 1 1 1 0 1 
1 0 1 1 0 1 1 1 0 0 1 0 0 0 1 0 1 1 1 1 1 1 1 0 0 
1 1 0 0 1 0 1 1 1 1 0 0 0 0 1 0 0 1 1 0 1 0 0 1 0 
1 0 0 0 1 1 1 1 1 1 1 0 1 0 1 1 1 1 0 1 1 1 1 1 0 
1 1 1 1 1 0 1 1 1 1 0 1 0 1 1 0 1 1 0 1 0 1 1 1 0 
1 1 1 1 1 1 1 1 1 1 1 0 1 1 1 1 0 0 0 0 0 1 1 0 1 
0 1 0 0 1 1 0 0 1 1 1 1 1 1 0 0 1 0 0 0 1 1 1 1 1 
0 1 0 1 0 1 0 1 1 1 1 1 0 1 1 1 0 1 1 1 1 1 1 1 0 
0 0 0 1 1 0 0 1 0 0 1 0 0 1 0 1 0 0 1 0 0 0 1 0 0 
QUESTÃO 07
Origem: 0 6
Destino: 9 15
Comprimento: 17.66
Profundidade: 16
Nós Aberto: 6
Nós Fechado: 39

LABIRINTO 10 10
1 1 1 1 1 1 1 1 1 1 
1 0 0 0 0 0 0 0 0 1 
1 0 0 0 0 0 0 0 0 1 
1 0 0 0 0 0 0 0 0 1 
1 0 0 0 0 0 0 0 0 1 
1 0 0 0 0 0 0 0 0 1 
1 0 0 0 0 0 0 0 0 1 
1 0 0 0 0 0 0 0 0 1 
1 0 0 0 0 0 0 0 0 1 
1 1 1 1 1 1 1 1 1 1
QUESTÃO 08
Origem: 0 0
Destino: 9 9
Comprimento: 18
Profundidade: 18
Nós Aberto: 1
Nós Fechado: 28

LABIRINTO 10 10
1 1 1 1 1 1 1 1 1 1 
1 0 0 0 0 0 0 0 0 1 
1 0 1 1 1 1 1 1 0 1 
1 0 1 1 1 1 1 1 0 1 
1 0 1 1 1 1 1 1 0 1 
1 0 1 1 1 1 1 1 0 1 
1 0 1 1 1 1 1 1 0 1 
1 0 1 1 1 1 1 1 0 1 
1 0 1 1 1 1 1 1 0 1 
1 1 1 1 1 1 1 1 1 1
QUESTÃO 09
Origem: 0 0
Destino: 9 9
Comprimento: 18
Profundidade: 18
Nós Aberto: 1
Nós Fechado: 28

LABIRINTO 10 10
1 1 1 1 1 1 1 1 1 1 
1 0 0 0 0 0 0 0 0 1 
1 0 1 1 1 1 1 1 0 1 
1 0 1 1 1 1 1 1 0 1 
1 0 1 1 1 1 1 1 0 1 
1 0 1 1 1 1 1 1 0 1 
1 0 1 1 1 1 1 1 0 1 
1 0 1 1 1 1 1 1 0 1 
1 0 1 1 1 1 1 1 0 1 
1 1 1 1 1 1 1 1 1 1
QUESTÃO 10
Origem: 9 0
Destino: 0 9
Comprimento: 18
Profundidade: 18
Nós Aberto: 1
Nós Fechado: 70
